96.48385208012327, 220.12523771956856
96.31780174627634, 220.1131623215203
96.2263379558295, 220.1045647252183
96.09295326142784, 220.09697323061118
95.791884951207, 220.0884594761171
95.4622342064715, 220.0822056394453
99.18747817154598, 220.1355785721623
99.66095572675913, 220.125672129019
99.50379044684131, 220.1158452593734
99.42375963020031, 220.10832236260913
99.60478171545968, 220.10060510529019
99.36278376990244, 220.09022396507447
102.67707584317755, 220.1338229755179
102.64087142612568, 220.11393087142613
103.53353261427837, 220.10385435644582
102.65802088683445, 220.0908095873994
105.08384386235234, 220.1259169470981
105.73476117103236, 220.15247650744735
105.86941619585689, 220.11236963533642
106.9237904468413, 220.1455252593734
106.55412429378534, 220.13550997431946
107.07514124293787, 220.10321890087315
108.13568567026194, 220.12588341037494
109.32090395480229, 220.11527615134395
110.16990812075558, 220.14836402442504
109.64737887348055, 220.13772034925526
111.33945899674713, 220.12639069565714
110.17583632939564, 220.10495090566684
110.78051361068312, 220.1123239034412
112.99025338127034, 220.14690610854305
113.50156137647663, 220.1702357267591
113.41009758602978, 220.1616381304571
113.46954904982026, 220.1375465680534
114.46097842835131, 220.124387596302
116.3491340523883, 220.15100089162814
117.26555041944873, 220.16953958568737
116.54781373052562, 220.15978344803972
116.7197317810877, 220.13746967071847
118.69518027734979, 220.18355590344117
117.75970895394623, 220.12530159904125
119.491677452491, 220.1495999712378
120.13183929692407, 220.1669040735034
119.69315185755865, 220.1586452319808
119.63217599726072, 220.13642461222392
121.85525423728815, 220.18874952234205
121.7637904468413, 220.18015192604005
123.17703304228728, 220.164596730012
123.65556651258349, 220.1551655428865
123.53666358500259, 220.1439886676939
122.63015579524055, 220.13792360212292
125.14642629686698, 220.17658636260913
125.97112480739598, 220.18485468926553
126.96689448153857, 220.1663325941905
127.04887313816128, 220.15754969902414
125.40709809964049, 220.15162284540318
125.57478171545968, 220.14265177195685
128.65787365177198, 220.20161796952576
128.47494607087827, 220.1926672213662
128.71198972778637, 220.17784932511555
130.22292073275128, 220.18384350624893
130.05868515665122, 220.1648720287622
129.9650436569081, 220.15135861667522
132.3697791474063, 220.2042704194487
131.9380482794042, 220.19313216230097
133.12816640986136, 220.1848699332306
132.3189659304914, 220.1747606437254
133.98563944530048, 220.21600573189522
134.80563773326486, 220.1694189042972
135.57634720082177, 220.20723892758087
135.08828625235407, 220.19598786509158
136.14723369286082, 220.18670225783256
137.89825714774867, 220.17981401814757
136.09311761684643, 220.16677534668722
138.4813388118473, 220.20439406494322
138.97858243451464, 220.22600903954802
138.70364663585002, 220.21429840780687
139.64115048793013, 220.19524599212463
141.68257147748676, 220.20850993551332
140.4910015408321, 220.18444310220852
142.68740284197912, 220.2342603800719
142.2250025680534, 220.22377253210067
142.01349255264512, 220.21625725731894
142.79741345659988, 220.1934858222907
144.97018661188156, 220.2015087211094
146.01236569080635, 220.23846466563944
145.41099126861837, 220.22645546995378
145.3220681390173, 220.21809669577127
145.51388803287108, 220.2113944324602
147.35078582434517, 220.24802949152541
147.65375963020028, 220.2023090292758
148.84134072932716, 220.23232165259373
148.01542270159217, 220.22040535798664
150.58060092449927, 220.2548321109399
150.33733264851907, 220.24433155966443
149.75933230611196, 220.2147328608115
151.63772755806656, 220.23190942190263
151.88332477315527, 220.26598815271356
151.92969183359014, 220.2208799897278
153.90569080636874, 220.25822389316897
153.51849409347716, 220.24656073549048
153.70942475603493, 220.2397748844376
155.3255572675912, 220.2786246738572
155.21972059578837, 220.23334269337442
156.8255452833419, 220.2606235473378
157.7210374935799, 220.24939981510013
158.90876014381098, 220.28331241088853
158.547478171546, 220.27408523882895
158.0926998801575, 220.2395805238829
160.02106146207842, 220.26145391999086
161.18925731895223, 220.25034581201848
162.33433316212978, 220.28378294127717
161.69154596815616, 220.2728276117103
161.39047765793526, 220.24452719054955
159.9727889060092, 220.2349311145352
163.5505475089882, 220.29422708988184
163.3662649089768, 220.2681104514067
162.99363465160076, 220.25506839239856
164.5078685156651, 220.2490063756206
166.074532380819, 220.27785257692486
167.08536894367404, 220.30166919363123
166.61534668721112, 220.29046487930148
166.62068207498714, 220.26623307241908
166.25520801232665, 220.25661184386234
169.25636363636363, 220.28149380585515
170.30819722650233, 220.30781505221708
170.01202876219827, 220.2952863276836
169.82420133538778, 220.27056388289677
168.12068823831538, 220.25883365177194
170.35646978257148, 220.32059711693202
171.2361736004109, 220.29198927580893
173.3417462763225, 220.30935977401128
173.3890025680534, 220.298961865434
174.4088238315357, 220.33051839753466
174.32117103235748, 220.3222790344119
173.69126861838726, 220.28780154083205
176.29822861382183, 220.30750763225473
175.55466187296696, 220.28158272898474
177.77858699994295, 220.3257428020316
177.54526964560864, 220.31617763739084
177.2731648690293, 220.2980197883924
177.88952919020716, 220.30319359013868
179.36768567026195, 220.34650474370827
179.19669919534329, 220.33537868173258
180.70648690292757, 220.32271539291216
182.22680020544425, 220.35520817668205
182.96983461736005, 220.34873341140215
182.3097709296353, 220.33615409142269
182.56625064201336, 220.33058318438623
181.05138161273754, 220.31185216230097
180.7350693374422, 220.30685214175654
183.5704468412943, 220.37551096045195
184.7880585516179, 220.36629979455572
185.63886235233696, 220.3535253518233
185.47376476630717, 220.34242284540318
185.9561273754494, 220.33264493066255
186.68674884437593, 220.32217668207497
186.64210580380075, 220.36744690292755
188.1912737544941, 220.33993535695942
188.41802773497687, 220.31178356445812
189.6272129201621, 220.30178030519886
188.72290703646632, 220.29097555213147
190.01102208525936, 220.3279650333847
190.3120903954802, 220.3166921212121
190.7706796781373, 220.28559951378188
191.87967813730523, 220.27442314672143
191.79837699024142, 220.30800306111965
191.96224961479197, 220.29867375449408
191.96987159732925, 220.32412355418592
192.90652856246078, 220.2472804200194
193.52666153055986, 220.26022847457625
193.25227015921934, 220.23443568567026
192.88908269132003, 220.2225560636877
193.81820236260916, 220.27526664612222
193.47902413970212, 220.2681172265023
194.84335901386748, 220.24796470467385
195.56973394966616, 220.19257728197226
195.50011984249272, 220.21076688923128
195.4245351823318, 220.17892859784283
195.592218798151, 220.1699575243965
197.41281401586485, 220.04978977115792
197.7016024653313, 220.07143958911146
197.59997603150146, 220.06188670433144
197.33117411402156, 220.026725990755
197.6215716486903, 220.03918335901386
199.04307139188495, 220.0491376682075
199.05762244945606, 219.86612971004342
199.44195514466702, 219.88876607430237
199.35049135422014, 219.88016847800034
199.97621982537237, 219.85418695428865
199.76970039376818, 219.84537412771786
201.6976990241397, 219.86760599897278
202.53067282999484, 219.83990553672317
202.2016209553159, 219.82664132717002
203.00015065913368, 219.85223645266223
202.66097243622664, 219.8450870330423
204.80814843348742, 219.81813824345147
204.3534155110426, 219.80631001540834
205.58950750442278, 219.83456192204534
205.42267077555215, 219.82437556582778
206.49609998287963, 219.85107791131657
206.77176168464302, 219.81103455572676
208.89600821777088, 219.84252706317412
208.43444273240885, 219.82952657421677
208.73823317925013, 219.8227495428865
210.3045505906523, 219.87105004622498
210.45699024139702, 219.86064604006165
210.3655264509502, 219.85204844375966
212.75120698510528, 219.87843574730354
211.83910974148262, 219.8421652730697
212.1262044170519, 219.8320521725732
213.82645095017978, 219.86997534668723
213.5997877075843, 219.85926900188326
213.70994350282484, 219.8519569799692
215.05250128402673, 219.89335741140218
216.1490868002054, 219.8812497832563
216.92254865034528, 219.86656408605833
215.3464920390344, 219.85032587570623
218.3238289676425, 219.90141221366204
219.7735935627461, 219.89547341893513
219.12572504708095, 219.88404044512927
219.05204588255435, 219.87711460366376
221.05535695942478, 219.91427769674144
222.1788371854135, 219.89896631946584
224.0012532100668, 219.93011787022772
222.60007875363806, 219.8890963602123
224.44605033384693, 219.9212843554186
224.14988186954287, 219.91111118644068
225.16665434001027, 219.9028077986646
226.14989008731385, 219.9457652922445
227.30538263995896, 219.93566159219313
227.41818798151002, 219.9215319609656
227.56834103749355, 219.91091301489473
229.30615305598354, 219.95060067796612
230.08168977914744, 219.9307511299435
231.0943548479142, 219.94555831307426
231.81370062203962, 219.96920644547168
231.2434069508646, 219.9595692107516
233.69260400616332, 219.991927067283
233.6011402157165, 219.983329470981
233.75739085772983, 219.9485503646636
234.81100291046056, 219.97338989762028
234.73173429207327, 219.96593864749187
234.90449922958402, 219.95744521828453
237.3099969183359, 219.99064200102723
237.0005444273241, 219.9813401335388
236.12020544427327, 219.94805493579867
237.71023569023566, 219.9683548159562
238.89841807909607, 220.01134025680534
239.28866358500255, 220.00350333436054
240.56001027221367, 219.9898996199281
238.8450642013354, 219.98159165896251
241.44606574216743, 220.02821913713404
242.3031576784797, 220.01479911248074
242.76403355589798, 220.00370811162472
244.5554535182332, 220.0434882547509
245.1125115562404, 220.03366504365692
244.82374730354388, 220.0241878705701
243.7510802944701, 219.99755717171718
245.44896764252695, 220.0158252491012
247.52745505906523, 220.0557363995891
248.22391371340524, 220.04700351309708
245.9639958911145, 220.0077045711351
248.28434514637905, 220.03501740112995
246.97009758602985, 220.02807813045712
249.35044273240885, 220.0786972408834
250.20944016435544, 220.06757633281973
250.63518233179252, 220.05812942989215
251.0341386748844, 220.04899132614278
252.44268104776586, 220.08740764252695
251.5737750385208, 220.04035714432462
253.36112994350282, 220.06986183872624
252.30548536209557, 220.05967124807395
255.46225646293448, 220.11731884266393
254.9122033898305, 220.1068360760144
255.07607601438116, 220.09750676938881
255.70706728299956, 220.0896866153056
255.41525423728814, 220.0799228556754
256.63731210409173, 220.07112962848828
258.718960223706, 220.118404551732
258.34590652285567, 220.1080708371854
258.19575346687213, 220.0989031165896
258.7079506933744, 220.09263632254752
257.26739599383666, 220.08089084745762
260.0132152028762, 220.14113118644067
260.6883958226331, 220.13039816469782
261.7311061306439, 220.11823717607507
261.64546276322545, 220.10658912378017
260.90308166409864, 220.1011119671289
263.0448587570622, 220.14909234720082
263.60670775552137, 220.1397194863893
263.95892501284027, 220.12866124191063
266.0296271186441, 220.16254057318952
264.4949409347714, 220.11721340523883
266.7148433487417, 220.15275089881868
266.32383564458144, 220.14072950796097
268.15311145351825, 220.1840681006677
267.9966067454203, 220.17430332477315
269.0857033612966, 220.16400433259145
271.03396678650915, 220.19599294641327
270.1599794555727, 220.15506035952748
271.4638828967643, 220.1857606163328
271.2047354904982, 220.17553409347713
272.45648279404213, 220.1631716733436
274.26746584488956, 220.19984408012326
274.35914740626606, 220.18231548022598
272.9884971751412, 220.17360769183358
275.89647406266056, 220.21817418592707
275.8669388803287, 220.20921454545453
277.02262198253726, 220.2003654237288
278.32366718027737, 220.23698033898305
278.7613867488444, 220.22983708953944
279.1969286081151, 220.22013357986646
279.0830344119158, 220.2122541920904
277.9382126348228, 220.19368094504364
281.00377401129947, 220.2493503810991
282.08647663071395, 220.23735109399075
281.9900585516179, 220.2282877945557
284.00378633795583, 220.26917820647148
283.49616230097587, 220.2610348803287
284.27970210580384, 220.25183095531585
285.0937298407807, 220.2430195624037
286.80162557781205, 220.28484176168462
287.50380071905494, 220.27664622496147
287.10078839239856, 220.2634963995891
286.23855161787367, 220.25664614278375
289.5268926553672, 220.30781686697483
289.3254545454546, 220.29948168464304
289.93847971237807, 220.2899727170005
290.0609758602979, 220.28205402157164
288.68520801232665, 220.26403184386234
291.5841020373224, 220.32217232665639
292.89635336415, 220.31361284026707
292.52033555897964, 220.3030004999144
294.4687683615819, 220.33280651669233
293.32890087313814, 220.29243897277863
295.19565142954974, 220.32363574730354
295.6330685384923, 220.31253814072932
297.44625349540604, 220.3455701192718
295.9362540660846, 220.30256350624893
298.1517103235747, 220.33768306111966
298.27874336586206, 220.32489083376132
299.80472778633793, 220.36940003595274
300.0802624550591, 220.35820029481252
300.55372367745247, 220.34793898305082
300.96748844375963, 220.3868328710837
301.13952747817154, 220.37944898476286
300.7309892141757, 220.33774861016948
301.9360246533128, 220.39660860811503
301.6616332819723, 220.370815819209
301.8331278890601, 220.36220297894195