79.54491237728232, 620.6509771538672
81.5830198489158, 620.8051197357554
89.15313331498302, 619.0324800440405
91.45499587118084, 619.1095513349846
104.41324892191946, 620.6895127993392
106.45135639355291, 620.9464171024863
129.28158546655658, 615.3715937241947
131.4138911826773, 615.4004954582988
138.76135425268373, 615.4004954582988
141.4661895586751, 615.4156344618771
159.67336452885587, 614.4679328378749
161.83992415206288, 614.729332966327
169.28158546655658, 607.8764106798787
171.98642077254794, 607.5433526011559
186.80245894118727, 584.9862372694741
189.62840627580513, 538.1461601981832
193.1479952289201, 563.5796862097438
195.44985778511793, 563.4949077897054
199.80181668042943, 572.1635012386456
204.4517845673915, 503.54115056427185
206.58409028351227, 503.06908890723906
215.6271217542894, 485.15964767409844
219.01825855583084, 485.30094504082933
222.06400179425233, 484.9712511851239
224.74722451601068, 481.0748692540599
228.1743279199927, 484.26947426369384
231.04423443537124, 485.54586047649616
239.36507936507937, 482.2277273144324
241.7953940728507, 482.36195981282674
249.66694192127724, 482.26947426369384
251.7050493929107, 482.3337003394806
260.27708964125156, 483.8879713735204
262.255252775484, 483.8879713735204
269.44857326360216, 483.5796862097439
272.1460684466465, 483.35810624827957
280.05872098357645, 483.78199834847226
282.036884117809, 483.8879713735204
289.8930177080466, 484.0575282135975
292.9296265712451, 483.81090008257627
296.01247820901006, 482.0767960363335
298.1447839251308, 482.404349022846