 398.9669, 0.2839395, 13.0035, 151031
 394.9008, 0.2822355, 17.0019, 55295.5 
 393.024, 0.2812415, 19.0074, 35330.1 
 390.9665, 0.279816, 21.0027, 23913.25 
 388.9672, 0.2789705, 23.0021, 17106.45 
 386.9823, 0.2778375, 25.0001, 12758.75 
 385.027, 0.276421, 27.0015, 9866.75 
 382.9215, 0.275097, 28.9986, 7804.3 
 381.0018, 0.2735875, 31.004, 6282.8 
 379.0145, 0.2725935, 32.9995, 5162.25 
 376.9772, 0.2710805, 34.9971, 4321.325 
 375.0662, 0.269616, 36.9987, 3639.875 
 373.0241, 0.268622, 38.9984, 3100.555 
 370.9432, 0.267066, 40.9992, 2673.275 
 368.9425, 0.266072, 42.9996, 2314.205 
 366.9818, 0.264372, 44.9997, 2023.58 
 364.9836, 0.2630995, 46.9996, 1780.62 
 363.0302, 0.261966, 49.0107, 1563.735 
 360.9987, 0.26041, 50.9928, 1381.485 
 358.8554, 0.259416, 52.9901, 1233.105 
 357.0494, 0.2577105, 55.0025, 1093.385 
 355.0524, 0.2568175, 57.0028, 977.995 
 352.9287, 0.2551605, 58.9912, 877.71 
 350.9032, 0.2539415, 61.0042, 789.91 
 349.0079, 0.2527545, 63.0046, 712.54 
 346.9865, 0.25106, 65.0103, 644.455 
 344.9659, 0.249782, 67.0261, 583.69 
 342.9802, 0.24836, 69.0044, 529.57 
 340.9642, 0.2470875, 71.0019, 481.1465 
 338.9825, 0.2459545, 73.0056, 437.869 
 336.9712, 0.2445375, 75.0084, 345.4805 
 334.9617, 0.2431265, 77.0069, 363.0825 
 332.9931, 0.2418485, 79.0249, 330.94 
 330.9901, 0.240293, 81.0074, 301.909 
 328.9364, 0.2391205, 83.0403, 275.753 
 326.9359, 0.2374905, 85.0075, 251.66 
 324.9403, 0.236229, 87.0316, 230.089 
 323.005, 0.2346935, 89.0081, 210.5065 
 320.9185, 0.2334755, 91.0125, 192.5475 
 318.9229, 0.2322965, 93.0095, 176.0465 
 316.9996, 0.2308315, 94.9947, 160.876 
 315.0097, 0.229411, 97.0084, 146.701 
 312.9258, 0.2281645, 99.0022, 133.8615 
 311.0146, 0.2265695, 101.0039, 121.825 
 308.9355, 0.225419, 103.0075, 110.6275 
 307.0381, 0.224001, 105.0037, 100.233 
 304.9594, 0.2227125, 107.0113, 90.3555 
 302.9766, 0.221212, 109.0117, 81.199 
 300.9938, 0.2197735, 111.0104, 71.9715 
 299.0109, 0.218467, 113.0064, 63.1645 
 296.9535, 0.2170265, 114.9969, 54.5345 
 294.9766, 0.2156795, 117.0122, 45.77515 
 292.9997, 0.21434, 119.0117, 36.54275 
 291.0491, 0.213011, 121.0242, 26.95605 
 288.9972, 0.2118705, 123.0102, 17.454 
 286.9453, 0.210508, 124.993, 8.5305 
 284.991, 0.2091625, 126.9815, 5.08 
 282.9748, 0.208053, 129.0106, 2.544565 
 281.0003, 0.2069595, 131.0232, 1.032795 
 279.0299, 0.205668, 133.0147, 0.522025 
 277.0582, 0.204371, 135.0161, 0.26703 
 274.9807, 0.202983, 136.9954, 0.1644885 
 273.0052, 0.202914, 139.0313, 0.121203 
 270.959, 0.2002195, 141.01, 0.114622 
 268.9864, 0.1988685, 143.048, 0.112261 
 266.9258, 0.1973585, 145.0292, 0.1124175 
 264.9578, 0.196044, 147.006, 0.111802 
 262.9878, 0.194706, 149.0506, 0.113119 
 260.9425, 0.193189, 150.979, 0.114296 
 258.9669, 0.1916375, 153.0082, 0.1155965 
 256.9267, 0.1900725, 155.018, 0.116871 
 254.9544, 0.1887335, 157.0065, 0.1183335 
 252.9803, 0.187341, 159.0085, 0.1196075 
 251.0043, 0.185902, 161.0097, 0.120899 
 248.9811, 0.1844055, 163.0017, 0.122332 
 247.0063, 0.1829985, 165.0042, 0.123562 
 244.9613, 0.181598, 167.0077, 0.1249555 
 242.9836, 0.1801125, 168.9993, 0.126323 
 240.9334, 0.1786055, 171.0488, 0.127671 
 239.0033, 0.1773125, 173.0468, 0.129153 
 236.9645, 0.175825, 175.0102, 0.130532 
 234.9903, 0.174401, 177, 0.132083 
 232.9478, 0.1729775, 179.0343, 0.1333475 
 230.9676, 0.1714245, 181.0136, 0.134852 
 228.9843, 0.1700545, 183.0107, 0.136183 
 227.0034, 0.1685605, 185.0382, 0.137551 
 224.9574, 0.1671115, 186.9995, 0.1388555 
 222.9714, 0.165772, 189.0105, 0.140251 
 221.0047, 0.164365, 191.0063, 0.141753 
 219.0191, 0.162863, 193.0127, 0.143182 
 216.9416, 0.161459, 194.9967, 0.144606 
 214.9531, 0.1599025, 196.9894, 0.1459835 
 212.9894, 0.1584415, 199.0089, 0.1473845 
 211.012, 0.157049, 201.0141, 0.148747 
 209.0148, 0.1555685, 203.0076, 0.150333 
 206.9583, 0.1541815, 205.0075, 0.1517205 
 204.9234, 0.152768, 207.0125, 0.1531535 
 202.9841, 0.151333, 209.0179, 0.15449 
 201.0648, 0.149847, 210.9964, 0.1560055 
 199.0003, 0.1485395, 212.9696, 0.157471 
 196.9304, 0.1470815, 215.0083, 0.1588475 
 195.0175, 0.1456375, 217.0134, 0.160241 
 192.9761, 0.144238, 219.0135, 0.161695 
 190.9554, 0.142765, 221.0104, 0.163211 
 189.0018, 0.141377, 222.9856, 0.164592 
 187.004, 0.139879, 225.0596, 0.166135 
 184.9803, 0.138612, 227.0139, 0.1674225 
 182.9984, 0.137147, 229.0143, 0.1688685 
 181.0169, 0.135732, 231.0467, 0.170419 
 178.9457, 0.134445, 233.0456, 0.1717365 
 176.9942, 0.132893, 235.0105, 0.1731785 
 175.0135, 0.131543, 237.013, 0.1746195 
 173.0223, 0.1300875, 239.0182, 0.176038 
 170.9794, 0.1286535, 241.0362, 0.177407 
 169.0123, 0.127472, 242.985, 0.1788545 
 166.9762, 0.125871, 245.0382, 0.180338 
 165.0104, 0.124516, 247.017, 0.181732 
 162.9878, 0.123116, 249.0173, 0.183123 
 160.9933, 0.1217185, 251.0189, 0.18454 
 159.0046, 0.1203645, 253.0806, 0.1858555 
 157.007, 0.1189975, 255.0677, 0.187416 
 154.9723, 0.1177015, 257.0127, 0.188923 
 152.9688, 0.1164505, 259.0175, 0.190305 
 150.988, 0.1149845, 261.0254, 0.191563 
 148.9707, 0.113539, 263.1105, 0.193017 
 146.9915, 0.112286, 265.0138, 0.1945415 
 144.9697, 0.1110265, 267.0253, 0.1961 
 142.9948, 0.109694, 268.9074, 0.197291 
 140.9622, 0.1084495, 271.0221, 0.1986525 
 138.9975, 0.107042, 273.0241, 0.200132 
 136.9447, 0.105864, 275.0686, 0.20158 
 134.9683, 0.1046455, 276.9858, 0.2030375 
 132.9545, 0.1034465, 279.0121, 0.204467 
 131.001, 0.102328, 281.071, 0.2058265 
 128.964, 0.101215, 283.0287, 0.207207 
 126.9892, 0.1002175, 285.0214, 0.208664 
 124.9664, 0.099254, 287.0262, 0.2100435 
 122.9505, 0.0989535, 289.0088, 0.211458 
 120.9432, 0.099009, 291.0437, 0.21292 
 118.9847, 0.100229, 293.0196, 0.214311 
 117.0025, 0.10384, 295.0306, 0.215711 
 114.9989, 0.1127445, 297.0507, 0.217164 
 112.9653, 0.134575, 299.0246, 0.218425 
 110.9883, 0.1896085, 301.0308, 0.219864 
 108.9686, 0.3403285, 303.0673, 0.2212905 
 107.0414, 0.853255, 304.9516, 0.222683 
 105.0412, 1.69397, 306.9491, 0.224263 
 103.0088, 3.0875, 309.0194, 0.2253835 
 101.0308, 5.99865, 311.0396, 0.226785 
 99.0237, 13.1407, 313.0385, 0.228021 
 97.013, 29.8985, 314.9435, 0.2297205 
 95.0012, 53.793, 316.9886, 0.2314315 
 93.0137, 101.8395, 319.0634, 0.232276 
 91.019, 138.028, 320.9726, 0.2342645 
 89.0195, 167.8025, 323.0064, 0.2351125 
 87.014, 194.1225, 325.0424, 0.2368085 
 85.0053, 219.6435, 327.0286, 0.2384165 
 82.997, 245.964, 329.0483, 0.239215 
 81.0106, 273.233, 330.9178, 0.241204 
 79.0041, 302.9765, 332.9996, 0.2423295 
 77.0194, 335.5065, 335.0018, 0.243607 
 75.0429, 370.661, 336.9964, 0.245029 
 73.0137, 409.3905, 339.141, 0.2463485 
 71.0237, 451.875, 341.0321, 0.2477135 
 69.0287, 499.6155, 343.0366, 0.2492725 
 67.0143, 552.14, 345.0343, 0.250406 
 65.0129, 611.46, 347.102, 0.251875 
 63.0253, 678.39, 348.9848, 0.2535235 
 61.0007, 753.815, 351.1093, 0.2546605 
 59.0091, 839.92, 353.0418, 0.256353 
 57.0055, 938.88, 354.9951, 0.2576265 
 55.0004, 1051.27, 357.0289, 0.2590485 
 53.0073, 1181.2, 359.0318, 0.260174 
 51.0143, 1332.355, 361.0366, 0.261878 
 49.0038, 1510.395, 363.0379, 0.2631515 
 47.0024, 1724.11, 365.0374, 0.264566 
 44.9944, 1957.325, 367.0373, 0.2662695 
 42.9955, 2262.13, 369.0614, 0.2675395 
 41.0028, 2609.84, 370.989, 0.269239 
 39.001, 3030.54, 373.0613, 0.270806 
 37.0026, 3560.925, 375.0133, 0.2716995 
 35.0114, 4224.97, 377.0226, 0.2737715 
 33.0012, 5068.65, 379.029, 0.274764 
 30.9998, 6190.05, 381.0212, 0.276319 
 28.9955, 7693.35, 383.0157, 0.278304 
 26.9962, 9765.5, 385.0096, 0.2795855 
 24.9988, 12650.8, 387.0625, 0.280992 
 23.0056, 16999.7, 389.0665, 0.2829775 
 21.0265, 23722.7, 391.0369, 0.284259 
 19.0092, 35042.8, 393.0293, 0.285673 
 17.011, 55020.5, 395.0066, 0.287791 
 15.0029, 91950, 397.0168, 0.2890725 
 13.0021, 150409, 399.0119, 0.290917 